# Time(ps) Rg(Angstrom)
0.5 3.511530783752150775
0.5999999999999999778 3.511530783752150775
0.69999999999999995559 3.511530783752150775
0.80000000000000004441 3.511530783752150775
0.9000000000000000222 3.511530783752150775
1 3.511530783752150775
1.1000000000000000888 3.511530783752150775
1.1999999999999999556 3.511530783752150775
1.3000000000000000444 3.511530783752150775
1.3999999999999999112 3.511530783752150775
1.5 3.511530783752150775
1.6000000000000000888 3.511530783752150775
1.6999999999999999556 3.511530783752150775
1.8000000000000000444 3.511530783752150775
1.8999999999999999112 3.511530783752150775
2 3.511530783752150775
2.1000000000000000888 3.511530783752150775
2.2000000000000001776 3.511530783752150775
2.2999999999999998224 3.511530783752150775
2.3999999999999999112 3.511530783752150775
2.5 3.511530783752150775
2.6000000000000000888 3.511530783752150775
2.7000000000000001776 3.511530783752150775
2.7999999999999998224 3.511530783752150775
2.8999999999999999112 3.511530783752150775
3 3.511530783752150775
3.1000000000000000888 3.511530783752150775
3.2000000000000001776 3.511530783752150775
3.2999999999999998224 3.511530783752150775
3.3999999999999999112 3.511530783752150775
3.5 3.511530783752150775
3.6000000000000000888 3.511530783752150775
3.7000000000000001776 3.511530783752150775
3.7999999999999998224 3.511530783752150775
3.8999999999999999112 3.511530783752150775
4 3.511530783752150775
4.0999999999999996447 3.511530783752150775
4.2000000000000001776 3.511530783752150775
4.2999999999999998224 3.511530783752150775
4.4000000000000003553 3.511530783752150775
4.5 3.511530783752150775
4.5999999999999996447 3.511530783752150775
4.7000000000000001776 3.511530783752150775
4.7999999999999998224 3.511530783752150775
4.9000000000000003553 3.511530783752150775
5 3.511530783752150775
5.0999999999999996447 3.511530783752150775
5.2000000000000001776 3.511530783752150775
5.2999999999999998224 3.511530783752150775
5.4000000000000003553 3.511530783752150775
5.5 3.511530783752150775
5.5999999999999996447 3.511530783752150775
5.7000000000000001776 3.511530783752150775
5.7999999999999998224 3.511530783752150775
5.9000000000000003553 3.511530783752150775
6 3.511530783752150775
6.0999999999999996447 3.511530783752150775
6.2000000000000001776 3.511530783752150775
6.2999999999999998224 3.511530783752150775
6.4000000000000003553 3.511530783752150775
6.5 3.511530783752150775
6.5999999999999996447 3.511530783752150775
6.7000000000000001776 3.511530783752150775
6.7999999999999998224 3.511530783752150775
6.9000000000000003553 3.511530783752150775
7 3.511530783752150775
7.0999999999999996447 3.511530783752150775
7.2000000000000001776 3.511530783752150775
7.2999999999999998224 3.511530783752150775
7.4000000000000003553 3.511530783752150775
7.5 3.511530783752150775
7.5999999999999996447 3.511530783752150775
7.7000000000000001776 3.511530783752150775
7.7999999999999998224 3.511530783752150775
7.9000000000000003553 3.511530783752150775
8 3.511530783752150775
8.0999999999999996447 3.511530783752150775
8.1999999999999992895 3.511530783752150775
8.3000000000000007105 3.511530783752150775
8.4000000000000003553 3.511530783752150775
8.5 3.511530783752150775
8.5999999999999996447 3.511530783752150775
8.6999999999999992895 3.511530783752150775
8.8000000000000007105 3.511530783752150775
8.9000000000000003553 3.511530783752150775
9 3.511530783752150775
9.0999999999999996447 3.511530783752150775
9.1999999999999992895 3.511530783752150775
9.3000000000000007105 3.511530783752150775
9.4000000000000003553 3.511530783752150775
9.5 3.511530783752150775
9.5999999999999996447 3.511530783752150775
9.6999999999999992895 3.511530783752150775
9.8000000000000007105 3.511530783752150775
9.9000000000000003553 3.511530783752150775
10 3.511530783752150775
10.099999999999999645 3.511530783752150775
10.199999999999999289 3.511530783752150775
10.300000000000000711 3.511530783752150775
10.400000000000000355 3.511530783752150775
10.5 3.511530783752150775
10.599999999999999645 3.511530783752150775
10.699999999999999289 3.511530783752150775
10.800000000000000711 3.511530783752150775
10.900000000000000355 3.511530783752150775
11 3.511530783752150775
11.099999999999999645 3.511530783752150775
11.199999999999999289 3.511530783752150775
11.300000000000000711 3.511530783752150775
11.400000000000000355 3.511530783752150775
11.5 3.511530783752150775
11.599999999999999645 3.511530783752150775
11.699999999999999289 3.511530783752150775
11.800000000000000711 3.511530783752150775
11.900000000000000355 3.511530783752150775
12 3.511530783752150775
12.099999999999999645 3.511530783752150775
12.199999999999999289 3.511530783752150775
12.300000000000000711 3.511530783752150775
12.400000000000000355 3.511530783752150775
12.5 3.511530783752150775
12.599999999999999645 3.511530783752150775
12.699999999999999289 3.511530783752150775
12.800000000000000711 3.511530783752150775
12.900000000000000355 3.511530783752150775
13 3.511530783752150775
13.099999999999999645 3.511530783752150775
13.199999999999999289 3.511530783752150775
13.300000000000000711 3.511530783752150775
13.400000000000000355 3.511530783752150775
13.5 3.511530783752150775
13.599999999999999645 3.511530783752150775
13.699999999999999289 3.511530783752150775
13.800000000000000711 3.511530783752150775
13.900000000000000355 3.511530783752150775
14 3.511530783752150775
14.099999999999999645 3.511530783752150775
14.199999999999999289 3.511530783752150775
14.300000000000000711 3.511530783752150775
14.400000000000000355 3.511530783752150775
14.5 3.511530783752150775
14.599999999999999645 3.511530783752150775
14.699999999999999289 3.511530783752150775
14.800000000000000711 3.511530783752150775
14.900000000000000355 3.511530783752150775
15 3.511530783752150775
15.099999999999999645 3.511530783752150775
15.199999999999999289 3.511530783752150775
15.300000000000000711 3.511530783752150775
15.400000000000000355 3.511530783752150775
15.5 3.511530783752150775
15.599999999999999645 3.511530783752150775
15.699999999999999289 3.511530783752150775
15.800000000000000711 3.511530783752150775
15.900000000000000355 3.511530783752150775
16 3.511530783752150775
16.100000000000001421 3.511530783752150775
16.199999999999999289 3.511530783752150775
16.300000000000000711 3.511530783752150775
16.399999999999998579 3.511530783752150775
16.5 3.511530783752150775
16.600000000000001421 3.511530783752150775
16.699999999999999289 3.511530783752150775
16.800000000000000711 3.511530783752150775
16.899999999999998579 3.511530783752150775
17 3.511530783752150775
17.100000000000001421 3.511530783752150775
17.199999999999999289 3.511530783752150775
17.300000000000000711 3.511530783752150775
17.399999999999998579 3.511530783752150775
17.5 3.511530783752150775
17.600000000000001421 3.511530783752150775
17.699999999999999289 3.511530783752150775
17.800000000000000711 3.511530783752150775
17.899999999999998579 3.511530783752150775
18 3.511530783752150775
18.100000000000001421 3.511530783752150775
18.199999999999999289 3.511530783752150775
18.300000000000000711 3.511530783752150775
18.399999999999998579 3.511530783752150775
18.5 3.511530783752150775
18.600000000000001421 3.511530783752150775
18.699999999999999289 3.511530783752150775
18.800000000000000711 3.511530783752150775
18.899999999999998579 3.511530783752150775
19 3.511530783752150775
19.100000000000001421 3.511530783752150775
19.199999999999999289 3.511530783752150775
19.300000000000000711 3.511530783752150775
19.399999999999998579 3.511530783752150775
19.5 3.511530783752150775
19.600000000000001421 3.511530783752150775
19.699999999999999289 3.511530783752150775
19.800000000000000711 3.511530783752150775
19.899999999999998579 3.511530783752150775
20 3.511530783752150775
20.100000000000001421 3.511530783752150775
20.199999999999999289 3.511530783752150775
20.300000000000000711 3.511530783752150775
20.399999999999998579 3.511530783752150775
20.5 3.511530783752150775
20.600000000000001421 3.511530783752150775
20.699999999999999289 3.511530783752150775
20.800000000000000711 3.511530783752150775
20.899999999999998579 3.511530783752150775
21 3.511530783752150775
21.100000000000001421 3.511530783752150775
21.199999999999999289 3.511530783752150775
21.300000000000000711 3.511530783752150775
21.399999999999998579 3.511530783752150775
21.5 3.511530783752150775
21.600000000000001421 3.511530783752150775
21.699999999999999289 3.511530783752150775
21.800000000000000711 3.511530783752150775
21.899999999999998579 3.511530783752150775
22 3.511530783752150775
22.100000000000001421 3.511530783752150775
22.199999999999999289 3.511530783752150775
22.300000000000000711 3.511530783752150775
22.399999999999998579 3.511530783752150775
22.5 3.511530783752150775
22.600000000000001421 3.511530783752150775
22.699999999999999289 3.511530783752150775
22.800000000000000711 3.511530783752150775
22.899999999999998579 3.511530783752150775
23 3.511530783752150775
23.100000000000001421 3.511530783752150775
23.199999999999999289 3.511530783752150775
23.300000000000000711 3.511530783752150775
23.399999999999998579 3.511530783752150775
23.5 3.511530783752150775
23.600000000000001421 3.511530783752150775
23.699999999999999289 3.511530783752150775
23.800000000000000711 3.511530783752150775
23.899999999999998579 3.511530783752150775
24 3.511530783752150775
24.100000000000001421 3.511530783752150775
24.199999999999999289 3.511530783752150775
24.300000000000000711 3.511530783752150775
24.399999999999998579 3.511530783752150775
24.5 3.511530783752150775
24.600000000000001421 3.511530783752150775
24.699999999999999289 3.511530783752150775
24.800000000000000711 3.511530783752150775
24.899999999999998579 3.511530783752150775
25 3.511530783752150775
25.100000000000001421 3.511530783752150775
25.199999999999999289 3.511530783752150775
25.300000000000000711 3.511530783752150775
25.399999999999998579 3.511530783752150775
25.5 3.511530783752150775
25.600000000000001421 3.511530783752150775
25.699999999999999289 3.511530783752150775
25.800000000000000711 3.511530783752150775
25.899999999999998579 3.511530783752150775
26 3.511530783752150775
26.100000000000001421 3.511530783752150775
26.199999999999999289 3.511530783752150775
26.300000000000000711 3.511530783752150775
26.399999999999998579 3.511530783752150775
26.5 3.511530783752150775
26.600000000000001421 3.511530783752150775
26.699999999999999289 3.511530783752150775
26.800000000000000711 3.511530783752150775
26.899999999999998579 3.511530783752150775
27 3.511530783752150775
27.100000000000001421 3.511530783752150775
27.199999999999999289 3.511530783752150775
27.300000000000000711 3.511530783752150775
27.399999999999998579 3.511530783752150775
27.5 3.511530783752150775
27.600000000000001421 3.511530783752150775
27.699999999999999289 3.511530783752150775
27.800000000000000711 3.511530783752150775
27.899999999999998579 3.511530783752150775
28 3.511530783752150775
28.100000000000001421 3.511530783752150775
28.199999999999999289 3.511530783752150775
28.300000000000000711 3.511530783752150775
28.399999999999998579 3.511530783752150775
28.5 3.511530783752150775
28.600000000000001421 3.511530783752150775
28.699999999999999289 3.511530783752150775
28.800000000000000711 3.511530783752150775
28.899999999999998579 3.511530783752150775
29 3.511530783752150775
29.100000000000001421 3.511530783752150775
29.199999999999999289 3.511530783752150775
29.300000000000000711 3.511530783752150775
29.399999999999998579 3.511530783752150775
29.5 3.511530783752150775
29.600000000000001421 3.511530783752150775
29.699999999999999289 3.511530783752150775
29.800000000000000711 3.511530783752150775
29.899999999999998579 3.511530783752150775
30 3.511530783752150775
30.100000000000001421 3.511530783752150775
30.199999999999999289 3.511530783752150775
30.300000000000000711 3.511530783752150775
30.399999999999998579 3.511530783752150775
30.5 3.511530783752150775
30.600000000000001421 3.511530783752150775
30.699999999999999289 3.511530783752150775
30.800000000000000711 3.511530783752150775
30.899999999999998579 3.511530783752150775
31 3.511530783752150775
31.100000000000001421 3.511530783752150775
31.199999999999999289 3.511530783752150775
31.300000000000000711 3.511530783752150775
31.399999999999998579 3.511530783752150775
31.5 3.511530783752150775
31.600000000000001421 3.511530783752150775
31.699999999999999289 3.511530783752150775
31.800000000000000711 3.511530783752150775
31.899999999999998579 3.511530783752150775
32 3.511530783752150775
32.100000000000001421 3.511530783752150775
32.200000000000002842 3.511530783752150775
32.299999999999997158 3.511530783752150775
32.399999999999998579 3.511530783752150775
32.5 3.511530783752150775
32.600000000000001421 3.511530783752150775
32.700000000000002842 3.511530783752150775
32.799999999999997158 3.511530783752150775
32.899999999999998579 3.511530783752150775
33 3.511530783752150775
33.100000000000001421 3.511530783752150775
33.200000000000002842 3.511530783752150775
33.299999999999997158 3.511530783752150775
33.399999999999998579 3.511530783752150775
33.5 3.511530783752150775
33.600000000000001421 3.511530783752150775
33.700000000000002842 3.511530783752150775
33.799999999999997158 3.511530783752150775
33.899999999999998579 3.511530783752150775
34 3.511530783752150775
34.100000000000001421 3.511530783752150775
34.200000000000002842 3.511530783752150775
34.299999999999997158 3.511530783752150775
34.399999999999998579 3.511530783752150775
34.5 3.511530783752150775
34.600000000000001421 3.511530783752150775
34.700000000000002842 3.511530783752150775
34.799999999999997158 3.511530783752150775
34.899999999999998579 3.511530783752150775
35 3.511530783752150775
35.100000000000001421 3.511530783752150775
35.200000000000002842 3.511530783752150775
35.299999999999997158 3.511530783752150775
35.399999999999998579 3.511530783752150775
35.5 3.511530783752150775
35.600000000000001421 3.511530783752150775
35.700000000000002842 3.511530783752150775
35.799999999999997158 3.511530783752150775
35.899999999999998579 3.511530783752150775
36 3.511530783752150775
36.100000000000001421 3.511530783752150775
36.200000000000002842 3.511530783752150775
36.299999999999997158 3.511530783752150775
36.399999999999998579 3.511530783752150775
36.5 3.511530783752150775
36.600000000000001421 3.511530783752150775
36.700000000000002842 3.511530783752150775
36.799999999999997158 3.511530783752150775
36.899999999999998579 3.511530783752150775
37 3.511530783752150775
37.100000000000001421 3.511530783752150775
37.200000000000002842 3.511530783752150775
37.299999999999997158 3.511530783752150775
37.399999999999998579 3.511530783752150775
37.5 3.511530783752150775
37.600000000000001421 3.511530783752150775
37.700000000000002842 3.511530783752150775
37.799999999999997158 3.511530783752150775
37.899999999999998579 3.511530783752150775
38 3.511530783752150775
38.100000000000001421 3.511530783752150775
38.200000000000002842 3.511530783752150775
38.299999999999997158 3.511530783752150775
38.399999999999998579 3.511530783752150775
38.5 3.511530783752150775
38.600000000000001421 3.511530783752150775
38.700000000000002842 3.511530783752150775
38.799999999999997158 3.511530783752150775
38.899999999999998579 3.511530783752150775
39 3.511530783752150775
39.100000000000001421 3.511530783752150775
39.200000000000002842 3.511530783752150775
39.299999999999997158 3.511530783752150775
39.399999999999998579 3.511530783752150775
39.5 3.511530783752150775
39.600000000000001421 3.511530783752150775
39.700000000000002842 3.511530783752150775
39.799999999999997158 3.511530783752150775
39.899999999999998579 3.511530783752150775
40 3.511530783752150775
40.100000000000001421 3.511530783752150775
40.200000000000002842 3.511530783752150775
40.299999999999997158 3.511530783752150775
40.399999999999998579 3.511530783752150775
40.5 3.511530783752150775
40.600000000000001421 3.511530783752150775
40.700000000000002842 3.511530783752150775
40.799999999999997158 3.511530783752150775
40.899999999999998579 3.511530783752150775
41 3.511530783752150775
41.100000000000001421 3.511530783752150775
41.200000000000002842 3.511530783752150775
41.299999999999997158 3.511530783752150775
41.399999999999998579 3.511530783752150775
41.5 3.511530783752150775
41.600000000000001421 3.511530783752150775
41.700000000000002842 3.511530783752150775
41.799999999999997158 3.511530783752150775
41.899999999999998579 3.511530783752150775
42 3.511530783752150775
42.100000000000001421 3.511530783752150775
42.200000000000002842 3.511530783752150775
42.299999999999997158 3.511530783752150775
42.399999999999998579 3.511530783752150775
42.5 3.511530783752150775
42.600000000000001421 3.511530783752150775
42.700000000000002842 3.511530783752150775
42.799999999999997158 3.511530783752150775
42.899999999999998579 3.511530783752150775
43 3.511530783752150775
43.100000000000001421 3.511530783752150775
43.200000000000002842 3.511530783752150775
43.299999999999997158 3.511530783752150775
43.399999999999998579 3.511530783752150775
43.5 3.511530783752150775
43.600000000000001421 3.511530783752150775
43.700000000000002842 3.511530783752150775
43.799999999999997158 3.511530783752150775
43.899999999999998579 3.511530783752150775
44 3.511530783752150775
44.100000000000001421 3.511530783752150775
44.200000000000002842 3.511530783752150775
44.299999999999997158 3.511530783752150775
44.399999999999998579 3.511530783752150775
44.5 3.511530783752150775
44.600000000000001421 3.511530783752150775
44.700000000000002842 3.511530783752150775
44.799999999999997158 3.511530783752150775
44.899999999999998579 3.511530783752150775
45 3.511530783752150775
45.100000000000001421 3.511530783752150775
45.200000000000002842 3.511530783752150775
45.299999999999997158 3.511530783752150775
45.399999999999998579 3.511530783752150775
45.5 3.511530783752150775
45.600000000000001421 3.511530783752150775
45.700000000000002842 3.511530783752150775
45.799999999999997158 3.511530783752150775
45.899999999999998579 3.511530783752150775
46 3.511530783752150775
46.100000000000001421 3.511530783752150775
46.200000000000002842 3.511530783752150775
46.299999999999997158 3.511530783752150775
46.399999999999998579 3.511530783752150775
46.5 3.511530783752150775
46.600000000000001421 3.511530783752150775
46.700000000000002842 3.511530783752150775
46.799999999999997158 3.511530783752150775
46.899999999999998579 3.511530783752150775
47 3.511530783752150775
47.100000000000001421 3.511530783752150775
47.200000000000002842 3.511530783752150775
47.299999999999997158 3.511530783752150775
47.399999999999998579 3.511530783752150775
47.5 3.511530783752150775
47.600000000000001421 3.511530783752150775
47.700000000000002842 3.511530783752150775
47.799999999999997158 3.511530783752150775
47.899999999999998579 3.511530783752150775
48 3.511530783752150775
48.100000000000001421 3.511530783752150775
48.200000000000002842 3.511530783752150775
48.299999999999997158 3.511530783752150775
48.399999999999998579 3.511530783752150775
48.5 3.511530783752150775
48.600000000000001421 3.511530783752150775
48.700000000000002842 3.511530783752150775
48.799999999999997158 3.511530783752150775
48.899999999999998579 3.511530783752150775
49 3.511530783752150775
49.100000000000001421 3.511530783752150775
49.200000000000002842 3.511530783752150775
49.299999999999997158 3.511530783752150775
49.399999999999998579 3.511530783752150775
49.5 3.511530783752150775
49.600000000000001421 3.511530783752150775
49.700000000000002842 3.511530783752150775
49.799999999999997158 3.511530783752150775
49.899999999999998579 3.511530783752150775
50 3.511530783752150775
50.100000000000001421 3.511530783752150775
50.200000000000002842 3.511530783752150775
50.299999999999997158 3.511530783752150775
50.399999999999998579 3.511530783752150775
50.5 3.511530783752150775
50.600000000000001421 3.511530783752150775
50.700000000000002842 3.511530783752150775
50.799999999999997158 3.511530783752150775
50.899999999999998579 3.511530783752150775
51 3.511530783752150775
51.100000000000001421 3.511530783752150775
51.200000000000002842 3.511530783752150775
51.299999999999997158 3.511530783752150775
51.399999999999998579 3.511530783752150775
51.5 3.511530783752150775
51.600000000000001421 3.511530783752150775
51.700000000000002842 3.511530783752150775
51.799999999999997158 3.511530783752150775
51.899999999999998579 3.511530783752150775
52 3.511530783752150775
52.100000000000001421 3.511530783752150775
52.200000000000002842 3.511530783752150775
52.299999999999997158 3.511530783752150775
52.399999999999998579 3.511530783752150775
52.5 3.511530783752150775
52.600000000000001421 3.511530783752150775
52.700000000000002842 3.511530783752150775
52.799999999999997158 3.511530783752150775
52.899999999999998579 3.511530783752150775
53 3.511530783752150775
53.100000000000001421 3.511530783752150775
53.200000000000002842 3.511530783752150775
53.299999999999997158 3.511530783752150775
53.399999999999998579 3.511530783752150775
53.5 3.511530783752150775
53.600000000000001421 3.511530783752150775
53.700000000000002842 3.511530783752150775
53.799999999999997158 3.511530783752150775
53.899999999999998579 3.511530783752150775
54 3.511530783752150775
54.100000000000001421 3.511530783752150775
54.200000000000002842 3.511530783752150775
54.299999999999997158 3.511530783752150775
54.399999999999998579 3.511530783752150775
54.5 3.511530783752150775
54.600000000000001421 3.511530783752150775
54.700000000000002842 3.511530783752150775
54.799999999999997158 3.511530783752150775
54.899999999999998579 3.511530783752150775
55 3.511530783752150775
55.100000000000001421 3.511530783752150775
55.200000000000002842 3.511530783752150775
55.299999999999997158 3.511530783752150775
55.399999999999998579 3.511530783752150775
55.5 3.511530783752150775
55.600000000000001421 3.511530783752150775
55.700000000000002842 3.511530783752150775
55.799999999999997158 3.511530783752150775
55.899999999999998579 3.511530783752150775
56 3.511530783752150775
56.100000000000001421 3.511530783752150775
56.200000000000002842 3.511530783752150775
56.299999999999997158 3.511530783752150775
56.399999999999998579 3.511530783752150775
56.5 3.511530783752150775
56.600000000000001421 3.511530783752150775
56.700000000000002842 3.511530783752150775
56.799999999999997158 3.511530783752150775
56.899999999999998579 3.511530783752150775
57 3.511530783752150775
57.100000000000001421 3.511530783752150775
57.200000000000002842 3.511530783752150775
57.299999999999997158 3.511530783752150775
57.399999999999998579 3.511530783752150775
57.5 3.511530783752150775
57.600000000000001421 3.511530783752150775
57.700000000000002842 3.511530783752150775
57.799999999999997158 3.511530783752150775
57.899999999999998579 3.511530783752150775
58 3.511530783752150775
58.100000000000001421 3.511530783752150775
58.200000000000002842 3.511530783752150775
58.299999999999997158 3.511530783752150775
58.399999999999998579 3.511530783752150775
58.5 3.511530783752150775
58.600000000000001421 3.511530783752150775
58.700000000000002842 3.511530783752150775
58.799999999999997158 3.511530783752150775
58.899999999999998579 3.511530783752150775
59 3.511530783752150775
59.100000000000001421 3.511530783752150775
59.200000000000002842 3.511530783752150775
59.299999999999997158 3.511530783752150775
59.399999999999998579 3.511530783752150775
59.5 3.511530783752150775
59.600000000000001421 3.511530783752150775
59.700000000000002842 3.511530783752150775
59.799999999999997158 3.511530783752150775
59.899999999999998579 3.511530783752150775
60 3.511530783752150775
60.100000000000001421 3.511530783752150775
60.200000000000002842 3.511530783752150775
60.299999999999997158 3.511530783752150775
60.399999999999998579 3.511530783752150775
60.5 3.511530783752150775
60.600000000000001421 3.511530783752150775
60.700000000000002842 3.511530783752150775
60.799999999999997158 3.511530783752150775
60.899999999999998579 3.511530783752150775
61 3.511530783752150775
61.100000000000001421 3.511530783752150775
61.200000000000002842 3.511530783752150775
61.299999999999997158 3.511530783752150775
61.399999999999998579 3.511530783752150775
61.5 3.511530783752150775
61.600000000000001421 3.511530783752150775
61.700000000000002842 3.511530783752150775
61.799999999999997158 3.511530783752150775
61.899999999999998579 3.511530783752150775
62 3.511530783752150775
62.100000000000001421 3.511530783752150775
62.200000000000002842 3.511530783752150775
62.299999999999997158 3.511530783752150775
62.399999999999998579 3.511530783752150775
62.5 3.511530783752150775
62.600000000000001421 3.511530783752150775
62.700000000000002842 3.511530783752150775
62.799999999999997158 3.511530783752150775
62.899999999999998579 3.511530783752150775
63 3.511530783752150775
63.100000000000001421 3.511530783752150775
63.200000000000002842 3.511530783752150775
63.299999999999997158 3.511530783752150775
63.399999999999998579 3.511530783752150775
63.5 3.511530783752150775
63.600000000000001421 3.511530783752150775
63.700000000000002842 3.511530783752150775
63.799999999999997158 3.511530783752150775
63.899999999999998579 3.511530783752150775
64 3.511530783752150775
64.099999999999994316 3.511530783752150775
64.200000000000002842 3.511530783752150775
64.299999999999997158 3.511530783752150775
64.400000000000005684 3.511530783752150775
64.5 3.511530783752150775
64.599999999999994316 3.511530783752150775
64.700000000000002842 3.511530783752150775
64.799999999999997158 3.511530783752150775
64.900000000000005684 3.511530783752150775
65 3.511530783752150775
65.099999999999994316 3.511530783752150775
65.200000000000002842 3.511530783752150775
65.299999999999997158 3.511530783752150775
65.400000000000005684 3.511530783752150775
65.5 3.511530783752150775
65.599999999999994316 3.511530783752150775
65.700000000000002842 3.511530783752150775
65.799999999999997158 3.511530783752150775
65.900000000000005684 3.511530783752150775
66 3.511530783752150775
66.099999999999994316 3.511530783752150775
66.200000000000002842 3.511530783752150775
66.299999999999997158 3.511530783752150775
66.400000000000005684 3.511530783752150775
66.5 3.511530783752150775
66.599999999999994316 3.511530783752150775
66.700000000000002842 3.511530783752150775
66.799999999999997158 3.511530783752150775
66.900000000000005684 3.511530783752150775
67 3.511530783752150775
67.099999999999994316 3.511530783752150775
67.200000000000002842 3.511530783752150775
67.299999999999997158 3.511530783752150775
67.400000000000005684 3.511530783752150775
67.5 3.511530783752150775
67.599999999999994316 3.511530783752150775
67.700000000000002842 3.511530783752150775
67.799999999999997158 3.511530783752150775
67.900000000000005684 3.511530783752150775
68 3.511530783752150775
68.099999999999994316 3.511530783752150775
68.200000000000002842 3.511530783752150775
68.299999999999997158 3.511530783752150775
68.400000000000005684 3.511530783752150775
68.5 3.511530783752150775
68.599999999999994316 3.511530783752150775
68.700000000000002842 3.511530783752150775
68.799999999999997158 3.511530783752150775
68.900000000000005684 3.511530783752150775
69 3.511530783752150775
69.099999999999994316 3.511530783752150775
69.200000000000002842 3.511530783752150775
69.299999999999997158 3.511530783752150775
69.400000000000005684 3.511530783752150775
69.5 3.511530783752150775
69.599999999999994316 3.511530783752150775
69.700000000000002842 3.511530783752150775
69.799999999999997158 3.511530783752150775
69.900000000000005684 3.511530783752150775
70 3.511530783752150775
70.099999999999994316 3.511530783752150775
70.200000000000002842 3.511530783752150775
70.299999999999997158 3.511530783752150775
70.400000000000005684 3.511530783752150775
70.5 3.511530783752150775
70.599999999999994316 3.511530783752150775
70.700000000000002842 3.511530783752150775
70.799999999999997158 3.511530783752150775
70.900000000000005684 3.511530783752150775
71 3.511530783752150775
71.099999999999994316 3.511530783752150775
71.200000000000002842 3.511530783752150775
71.299999999999997158 3.511530783752150775
71.400000000000005684 3.511530783752150775
71.5 3.511530783752150775
71.599999999999994316 3.511530783752150775
71.700000000000002842 3.511530783752150775
71.799999999999997158 3.511530783752150775
71.900000000000005684 3.511530783752150775
72 3.511530783752150775
72.099999999999994316 3.511530783752150775
72.200000000000002842 3.511530783752150775
72.299999999999997158 3.511530783752150775
72.400000000000005684 3.511530783752150775
72.5 3.511530783752150775
72.599999999999994316 3.511530783752150775
72.700000000000002842 3.511530783752150775
72.799999999999997158 3.511530783752150775
72.900000000000005684 3.511530783752150775
73 3.511530783752150775
73.099999999999994316 3.511530783752150775
73.200000000000002842 3.511530783752150775
73.299999999999997158 3.511530783752150775
73.400000000000005684 3.511530783752150775
73.5 3.511530783752150775
73.599999999999994316 3.511530783752150775
73.700000000000002842 3.511530783752150775
73.799999999999997158 3.511530783752150775
73.900000000000005684 3.511530783752150775
74 3.511530783752150775
74.099999999999994316 3.511530783752150775
74.200000000000002842 3.511530783752150775
74.299999999999997158 3.511530783752150775
74.400000000000005684 3.511530783752150775
74.5 3.511530783752150775
74.599999999999994316 3.511530783752150775
74.700000000000002842 3.511530783752150775
74.799999999999997158 3.511530783752150775
74.900000000000005684 3.511530783752150775
75 3.511530783752150775
75.099999999999994316 3.511530783752150775
75.200000000000002842 3.511530783752150775
75.299999999999997158 3.511530783752150775
75.400000000000005684 3.511530783752150775
75.5 3.511530783752150775
75.599999999999994316 3.511530783752150775
75.700000000000002842 3.511530783752150775
75.799999999999997158 3.511530783752150775
75.900000000000005684 3.511530783752150775
76 3.511530783752150775
76.099999999999994316 3.511530783752150775
76.200000000000002842 3.511530783752150775
76.299999999999997158 3.511530783752150775
76.400000000000005684 3.511530783752150775
76.5 3.511530783752150775
76.599999999999994316 3.511530783752150775
76.700000000000002842 3.511530783752150775
76.799999999999997158 3.511530783752150775
76.900000000000005684 3.511530783752150775
77 3.511530783752150775
77.099999999999994316 3.511530783752150775
77.200000000000002842 3.511530783752150775
77.299999999999997158 3.511530783752150775
77.400000000000005684 3.511530783752150775
77.5 3.511530783752150775
77.599999999999994316 3.511530783752150775
77.700000000000002842 3.511530783752150775
77.799999999999997158 3.511530783752150775
77.900000000000005684 3.511530783752150775
78 3.511530783752150775
78.099999999999994316 3.511530783752150775
78.200000000000002842 3.511530783752150775
78.299999999999997158 3.511530783752150775
78.400000000000005684 3.511530783752150775
78.5 3.511530783752150775
78.599999999999994316 3.511530783752150775
78.700000000000002842 3.511530783752150775
78.799999999999997158 3.511530783752150775
78.900000000000005684 3.511530783752150775
79 3.511530783752150775
79.099999999999994316 3.511530783752150775
79.200000000000002842 3.511530783752150775
79.299999999999997158 3.511530783752150775
79.400000000000005684 3.511530783752150775
79.5 3.511530783752150775
79.599999999999994316 3.511530783752150775
79.700000000000002842 3.511530783752150775
79.799999999999997158 3.511530783752150775
79.900000000000005684 3.511530783752150775
80 3.511530783752150775
80.099999999999994316 3.511530783752150775
80.200000000000002842 3.511530783752150775
80.299999999999997158 3.511530783752150775
80.400000000000005684 3.511530783752150775
80.5 3.511530783752150775
80.599999999999994316 3.511530783752150775
80.700000000000002842 3.511530783752150775
80.799999999999997158 3.511530783752150775
80.900000000000005684 3.511530783752150775
81 3.511530783752150775
81.099999999999994316 3.511530783752150775
81.200000000000002842 3.511530783752150775
81.299999999999997158 3.511530783752150775
81.400000000000005684 3.511530783752150775
81.5 3.511530783752150775
81.599999999999994316 3.511530783752150775
81.700000000000002842 3.511530783752150775
81.799999999999997158 3.511530783752150775
81.900000000000005684 3.511530783752150775
82 3.511530783752150775
82.099999999999994316 3.511530783752150775
82.200000000000002842 3.511530783752150775
82.299999999999997158 3.511530783752150775
82.400000000000005684 3.511530783752150775
82.5 3.511530783752150775
82.599999999999994316 3.511530783752150775
82.700000000000002842 3.511530783752150775
82.799999999999997158 3.511530783752150775
82.900000000000005684 3.511530783752150775
83 3.511530783752150775
83.099999999999994316 3.511530783752150775
83.200000000000002842 3.511530783752150775
83.299999999999997158 3.511530783752150775
83.400000000000005684 3.511530783752150775
83.5 3.511530783752150775
83.599999999999994316 3.511530783752150775
83.700000000000002842 3.511530783752150775
83.799999999999997158 3.511530783752150775
83.900000000000005684 3.511530783752150775
84 3.511530783752150775
84.099999999999994316 3.511530783752150775
84.200000000000002842 3.511530783752150775
84.299999999999997158 3.511530783752150775
84.400000000000005684 3.511530783752150775
84.5 3.511530783752150775
84.599999999999994316 3.511530783752150775
84.700000000000002842 3.511530783752150775
84.799999999999997158 3.511530783752150775
84.900000000000005684 3.511530783752150775
85 3.511530783752150775
85.099999999999994316 3.511530783752150775
85.200000000000002842 3.511530783752150775
85.299999999999997158 3.511530783752150775
85.400000000000005684 3.511530783752150775
85.5 3.511530783752150775
85.599999999999994316 3.511530783752150775
85.700000000000002842 3.511530783752150775
85.799999999999997158 3.511530783752150775
85.900000000000005684 3.511530783752150775
86 3.511530783752150775
86.099999999999994316 3.511530783752150775
86.200000000000002842 3.511530783752150775
86.299999999999997158 3.511530783752150775
86.400000000000005684 3.511530783752150775
86.5 3.511530783752150775
86.599999999999994316 3.511530783752150775
86.700000000000002842 3.511530783752150775
86.799999999999997158 3.511530783752150775
86.900000000000005684 3.511530783752150775
87 3.511530783752150775
87.099999999999994316 3.511530783752150775
87.200000000000002842 3.511530783752150775
87.299999999999997158 3.511530783752150775
87.400000000000005684 3.511530783752150775
87.5 3.511530783752150775
87.599999999999994316 3.511530783752150775
87.700000000000002842 3.511530783752150775
87.799999999999997158 3.511530783752150775
87.900000000000005684 3.511530783752150775
88 3.511530783752150775
88.099999999999994316 3.511530783752150775
88.200000000000002842 3.511530783752150775
88.299999999999997158 3.511530783752150775
88.400000000000005684 3.511530783752150775
88.5 3.511530783752150775
88.599999999999994316 3.511530783752150775
88.700000000000002842 3.511530783752150775
88.799999999999997158 3.511530783752150775
88.900000000000005684 3.511530783752150775
89 3.511530783752150775
89.099999999999994316 3.511530783752150775
89.200000000000002842 3.511530783752150775
89.299999999999997158 3.511530783752150775
89.400000000000005684 3.511530783752150775
89.5 3.511530783752150775
89.599999999999994316 3.511530783752150775
89.700000000000002842 3.511530783752150775
89.799999999999997158 3.511530783752150775
89.900000000000005684 3.511530783752150775
90 3.511530783752150775
90.099999999999994316 3.511530783752150775
90.200000000000002842 3.511530783752150775
90.299999999999997158 3.511530783752150775
90.400000000000005684 3.511530783752150775
90.5 3.511530783752150775
90.599999999999994316 3.511530783752150775
90.700000000000002842 3.511530783752150775
90.799999999999997158 3.511530783752150775
90.900000000000005684 3.511530783752150775
91 3.511530783752150775
91.099999999999994316 3.511530783752150775
91.200000000000002842 3.511530783752150775
91.299999999999997158 3.511530783752150775
91.400000000000005684 3.511530783752150775
91.5 3.511530783752150775
91.599999999999994316 3.511530783752150775
91.700000000000002842 3.511530783752150775
91.799999999999997158 3.511530783752150775
91.900000000000005684 3.511530783752150775
92 3.511530783752150775
92.099999999999994316 3.511530783752150775
92.200000000000002842 3.511530783752150775
92.299999999999997158 3.511530783752150775
92.400000000000005684 3.511530783752150775
92.5 3.511530783752150775
92.599999999999994316 3.511530783752150775
92.700000000000002842 3.511530783752150775
92.799999999999997158 3.511530783752150775
92.900000000000005684 3.511530783752150775
93 3.511530783752150775
93.099999999999994316 3.511530783752150775
93.200000000000002842 3.511530783752150775
93.299999999999997158 3.511530783752150775
93.400000000000005684 3.511530783752150775
93.5 3.511530783752150775
93.599999999999994316 3.511530783752150775
93.700000000000002842 3.511530783752150775
93.799999999999997158 3.511530783752150775
93.900000000000005684 3.511530783752150775
94 3.511530783752150775
94.099999999999994316 3.511530783752150775
94.200000000000002842 3.511530783752150775
94.299999999999997158 3.511530783752150775
94.400000000000005684 3.511530783752150775
94.5 3.511530783752150775
94.599999999999994316 3.511530783752150775
94.700000000000002842 3.511530783752150775
94.799999999999997158 3.511530783752150775
94.900000000000005684 3.511530783752150775
95 3.511530783752150775
95.099999999999994316 3.511530783752150775
95.200000000000002842 3.511530783752150775
95.299999999999997158 3.511530783752150775
95.400000000000005684 3.511530783752150775
95.5 3.511530783752150775
95.599999999999994316 3.511530783752150775
95.700000000000002842 3.511530783752150775
95.799999999999997158 3.511530783752150775
95.900000000000005684 3.511530783752150775
96 3.511530783752150775
96.099999999999994316 3.511530783752150775
96.200000000000002842 3.511530783752150775
96.299999999999997158 3.511530783752150775
96.400000000000005684 3.511530783752150775
96.5 3.511530783752150775
96.599999999999994316 3.511530783752150775
96.700000000000002842 3.511530783752150775
96.799999999999997158 3.511530783752150775
96.900000000000005684 3.511530783752150775
97 3.511530783752150775
97.099999999999994316 3.511530783752150775
97.200000000000002842 3.511530783752150775
97.299999999999997158 3.511530783752150775
97.400000000000005684 3.511530783752150775
97.5 3.511530783752150775
97.599999999999994316 3.511530783752150775
97.700000000000002842 3.511530783752150775
97.799999999999997158 3.511530783752150775
97.900000000000005684 3.511530783752150775
98 3.511530783752150775
98.099999999999994316 3.511530783752150775
98.200000000000002842 3.511530783752150775
98.299999999999997158 3.511530783752150775
98.400000000000005684 3.511530783752150775
98.5 3.511530783752150775
98.599999999999994316 3.511530783752150775
98.700000000000002842 3.511530783752150775
98.799999999999997158 3.511530783752150775
98.900000000000005684 3.511530783752150775
99 3.511530783752150775
99.099999999999994316 3.511530783752150775
99.200000000000002842 3.511530783752150775
99.299999999999997158 3.511530783752150775
99.400000000000005684 3.511530783752150775
99.5 3.511530783752150775
99.599999999999994316 3.511530783752150775
99.700000000000002842 3.511530783752150775
99.799999999999997158 3.511530783752150775
99.900000000000005684 3.511530783752150775
100 3.511530783752150775
100.09999999999999432 3.511530783752150775
100.20000000000000284 3.511530783752150775
100.29999999999999716 3.511530783752150775
100.40000000000000568 3.511530783752150775
100.5 3.511530783752150775
