# Time(ps) T_C60(K) T_water(K)
0.5 0 304.77902381532095433
0.5999999999999999778 0 125.37238079957523951
0.69999999999999995559 0 163.36790998576961442
0.80000000000000004441 0 202.93260176949019069
0.9000000000000000222 0 235.96644612279109765
1 0 272.57264652619585377
1.1000000000000000888 0 293.89865484521516237
1.1999999999999999556 0 293.75733068086111643
1.3000000000000000444 0 314.23293202966004856
1.3999999999999999112 0 307.89593079633391426
1.5 0 296.44172497519355147
1.6000000000000000888 0 290.73578335835674125
1.6999999999999999556 0 300.12148777236888009
1.8000000000000000444 0 297.42976206870656597
1.8999999999999999112 0 304.41599226242266241
2 0 300.54547369794778433
2.1000000000000000888 0 296.05215317596821478
2.2000000000000001776 0 303.47440494637720576
2.2999999999999998224 0 301.19334672331456204
2.3999999999999999112 0 295.83825494689693869
2.5 0 300.53878779223185802
2.6000000000000000888 0 302.78346652108712078
2.7000000000000001776 0 304.48271502701203417
2.7999999999999998224 0 297.52002669683878366
2.8999999999999999112 0 288.37081145781655778
3 0 303.89187777019458281
3.1000000000000000888 0 313.2526496243220322
3.2000000000000001776 0 309.31259498285720611
3.2999999999999998224 0 295.45406189462511293
3.3999999999999999112 0 300.92321635697680904
3.5 0 302.87706875030181664
3.6000000000000000888 0 313.09076100316644897
3.7000000000000001776 0 297.28797343523621066
3.7999999999999998224 0 294.79369839408843745
3.8999999999999999112 0 297.86839511368060585
4 0 294.02819602274428235
4.0999999999999996447 0 312.10247976794670421
4.2000000000000001776 0 304.21381030451954075
4.2999999999999998224 0 297.8298267776767716
4.4000000000000003553 0 291.05928119734329584
4.5 0 298.94422617147364463
4.5999999999999996447 0 308.46749607504966662
4.7000000000000001776 0 299.36435552148930128
4.7999999999999998224 0 301.0085558816675757
4.9000000000000003553 0 298.67232037600996364
5 0 292.12003354941316502
5.0999999999999996447 0 300.69201089375917491
5.2000000000000001776 0 315.3159712093587359
5.2999999999999998224 0 302.19143691207801794
5.4000000000000003553 0 301.50264283525774545
5.5 0 309.4894910981890348
5.5999999999999996447 0 296.97961054014911042
5.7000000000000001776 0 296.02459222977813624
5.7999999999999998224 0 301.2223910424713722
5.9000000000000003553 0 304.1323097923772707
6 0 291.20322765030982737
6.0999999999999996447 0 291.00019597060901333
6.2000000000000001776 0 301.29067291337690904
6.2999999999999998224 0 307.53804602762761533
6.4000000000000003553 0 295.53111714659411291
6.5 0 294.80347114723394952
6.5999999999999996447 0 299.91463197186612888
6.7000000000000001776 0 293.3024855422331143
6.7999999999999998224 0 297.58504139913685549
6.9000000000000003553 0 294.07365306044380304
7 0 309.38123509207929374
7.0999999999999996447 0 297.2800272487344273
7.2000000000000001776 0 310.36640191797596344
7.2999999999999998224 0 301.53769288342533628
7.4000000000000003553 0 293.74119115678576009
7.5 0 287.083014259419258
7.5999999999999996447 0 300.53638778046735069
7.7000000000000001776 0 307.0849696356909817
7.7999999999999998224 0 302.33615106653354587
7.9000000000000003553 0 294.3847091249474488
8 0 292.13896812958000737
8.0999999999999996447 0 306.59553526227028897
8.1999999999999992895 0 305.18960319943874993
8.3000000000000007105 0 302.90768287912874257
8.4000000000000003553 0 305.39246812405968967
8.5 0 300.4273643933648259
8.5999999999999996447 0 292.6401952263580597
8.6999999999999992895 0 305.44078007347042103
8.8000000000000007105 0 307.14496375670336192
8.9000000000000003553 0 300.62719037776918185
9 0 305.53502643631031788
9.0999999999999996447 0 311.93610401067411431
9.1999999999999992895 0 307.55359774586565891
9.3000000000000007105 0 312.17202065514976539
9.4000000000000003553 0 294.34356163902674552
9.5 0 294.02031646801265197
9.5999999999999996447 0 287.76107160464573553
9.6999999999999992895 0 290.80474410997430823
9.8000000000000007105 0 316.76618972134065189
9.9000000000000003553 0 308.34900669955158037
10 0 292.7701789345422867
10.099999999999999645 0 293.60724205504152451
10.199999999999999289 0 304.52493909335476019
10.300000000000000711 0 293.88668317213210912
10.400000000000000355 0 289.99311424295706274
10.5 0 289.9672752567862517
10.599999999999999645 0 295.06989641667621527
10.699999999999999289 0 301.99442164587873094
10.800000000000000711 0 312.1404488126107708
10.900000000000000355 0 300.83972943750256945
11 0 294.94310196382576805
11.099999999999999645 0 309.14184633079355535
11.199999999999999289 0 311.09059840382076345
11.300000000000000711 0 306.53003406890854876
11.400000000000000355 0 291.01524231446171598
11.5 0 292.23724053654507316
11.599999999999999645 0 296.42718679825833306
11.699999999999999289 0 295.92048031240318551
11.800000000000000711 0 299.33809762234415075
11.900000000000000355 0 310.94438744087005944
12 0 302.67983768794846355
12.099999999999999645 0 301.48192105853951261
12.199999999999999289 0 302.78421988113399266
12.300000000000000711 0 306.64201410652827917
12.400000000000000355 0 304.48034598272067797
12.5 0 306.34083356774391405
12.599999999999999645 0 303.78071346047295265
12.699999999999999289 0 304.00710640245398508
12.800000000000000711 0 309.14687120349100269
12.900000000000000355 0 289.28578679448014555
13 0 297.43181814815341113
13.099999999999999645 0 309.65198239589022933
13.199999999999999289 0 298.98604462746448007
13.300000000000000711 0 303.4432590996106569
13.400000000000000355 0 309.47856073428619084
13.5 0 294.54678186569481113
13.599999999999999645 0 286.47525012341776574
13.699999999999999289 0 298.71613764558748016
13.800000000000000711 0 300.87504387922916749
13.900000000000000355 0 300.84041360272931342
14 0 308.74471313322430888
14.099999999999999645 0 296.73222801332491372
14.199999999999999289 0 296.06479603295008474
14.300000000000000711 0 292.90334124285720918
14.400000000000000355 0 294.50759211210817057
14.5 0 297.30365822202435311
14.599999999999999645 0 296.48147431050182377
14.699999999999999289 0 312.59059996268524628
14.800000000000000711 0 306.68875390163810835
14.900000000000000355 0 303.77947852992485878
15 0 288.06213879278629975
15.099999999999999645 0 295.61278936638336745
15.199999999999999289 0 303.60548019805713693
15.300000000000000711 0 308.97612606023182025
15.400000000000000355 0 280.24182077470777585
15.5 0 285.0727068958837549
15.599999999999999645 0 298.1520349849678837
15.699999999999999289 0 287.67307235809096255
15.800000000000000711 0 307.65930174708040568
15.900000000000000355 0 300.38594000594781619
16 0 303.84986004740045473
16.100000000000001421 0 297.11939623569429614
16.199999999999999289 0 293.7343891152507922
16.300000000000000711 0 311.77708220611009438
16.399999999999998579 0 298.13047057092256864
16.5 0 296.71727086036884202
16.600000000000001421 0 297.91923599662680999
16.699999999999999289 0 290.70533996164357404
16.800000000000000711 0 294.68237231375280771
16.899999999999998579 0 319.48674257135212429
17 0 301.95648791059198857
17.100000000000001421 0 298.23460352096157067
17.199999999999999289 0 295.32702708458094776
17.300000000000000711 0 299.98031005635044721
17.399999999999998579 0 310.5407660458830037
17.5 0 310.93477246567738348
17.600000000000001421 0 294.74621715240249387
17.699999999999999289 0 299.86982083513612451
17.800000000000000711 0 305.76921689195825138
17.899999999999998579 0 296.31589906303344151
18 0 294.83884836719175837
18.100000000000001421 0 296.52681408524063045
18.199999999999999289 0 303.70409232429500435
18.300000000000000711 0 304.37011776642248151
18.399999999999998579 0 306.45538809932054392
18.5 0 302.46468077115252981
18.600000000000001421 0 294.56925153977852005
18.699999999999999289 0 302.95811998717800861
18.800000000000000711 0 292.10094642447569413
18.899999999999998579 0 303.02722367000967552
19 0 298.75317732426435668
19.100000000000001421 0 306.39820471032749083
19.199999999999999289 0 296.46654529129858702
19.300000000000000711 0 296.73688871773128994
19.399999999999998579 0 306.57131952594892255
19.5 0 294.91701448286175946
19.600000000000001421 0 305.35466066903950377
19.699999999999999289 0 290.15853390752459973
19.800000000000000711 0 294.49850562379879193
19.899999999999998579 0 300.82863279822606728
20 0 303.59046433848226343
20.100000000000001421 0 295.32954986607887804
20.199999999999999289 0 294.46657208706534448
20.300000000000000711 0 304.23270017276468025
20.399999999999998579 0 309.42366294791105474
20.5 0 298.91404629866792675
20.600000000000001421 0 301.49433044296131357
20.699999999999999289 0 300.89563602961032984
20.800000000000000711 0 296.90284867582982997
20.899999999999998579 0 303.25984905988400442
21 0 299.5092042397491241
21.100000000000001421 0 300.03490588021287522
21.199999999999999289 0 304.69848337826857687
21.300000000000000711 0 304.00658136895219741
21.399999999999998579 0 299.05852834400690199
21.5 0 303.40147294207383766
21.600000000000001421 0 293.68456918222500462
21.699999999999999289 0 302.57835032903642514
21.800000000000000711 0 293.54997240587323404
21.899999999999998579 0 285.77226651803130153
22 0 291.87004550854254603
22.100000000000001421 0 296.09346228107813204
22.199999999999999289 0 312.24497806872210504
22.300000000000000711 0 303.42724189051267558
22.399999999999998579 0 303.45721463151306807
22.5 0 293.85690283219923913
22.600000000000001421 0 287.13229080858809539
22.699999999999999289 0 293.97614970519094868
22.800000000000000711 0 294.75289016826826582
22.899999999999998579 0 297.11386339915605959
23 0 303.12777083581892157
23.100000000000001421 0 285.48402373698422707
23.199999999999999289 0 298.75598611326142873
23.300000000000000711 0 312.30231775275672135
23.399999999999998579 0 311.05579083945832508
23.5 0 304.93641231047206475
23.600000000000001421 0 294.10042487148183454
23.699999999999999289 0 303.48248556366735329
23.800000000000000711 0 301.6072146434449337
23.899999999999998579 0 300.58000959015157605
24 0 306.33477039278375287
24.100000000000001421 0 311.38942288955018967
24.199999999999999289 0 305.08069010682868338
24.300000000000000711 0 298.85109220338569003
24.399999999999998579 0 306.49079228050231904
24.5 0 294.21964900908477603
24.600000000000001421 0 299.8836856424897519
24.699999999999999289 0 288.76264828594554501
24.800000000000000711 0 302.8805750027302679
24.899999999999998579 0 304.76667090148060879
25 0 319.90835148280388012
25.100000000000001421 0 302.44443972173343127
25.199999999999999289 0 285.65592388227759102
25.300000000000000711 0 294.15338548335557789
25.399999999999998579 0 297.80496544102891221
25.5 0 308.66349417769077945
25.600000000000001421 0 311.74186568300450517
25.699999999999999289 0 304.99535709093555624
25.800000000000000711 0 302.14160690722610525
25.899999999999998579 0 303.81597568504065521
26 0 308.17836043623952946
26.100000000000001421 0 297.50198447992693218
26.199999999999999289 0 294.59165528151891067
26.300000000000000711 0 294.02553196245798972
26.399999999999998579 0 301.557521257312942
26.5 0 294.03329210733744503
26.600000000000001421 0 293.35045970996873166
26.699999999999999289 0 293.52078089773732472
26.800000000000000711 0 292.83061822770815752
26.899999999999998579 0 295.76368367922879088
27 0 301.94767304222466464
27.100000000000001421 0 311.86729852521284556
27.199999999999999289 0 320.0303248147680506
27.300000000000000711 0 311.25335472669900128
27.399999999999998579 0 298.70996551300834199
27.5 0 292.69150493222792875
27.600000000000001421 0 296.52945973247290112
27.699999999999999289 0 307.59883517817718257
27.800000000000000711 0 308.90217043078331471
27.899999999999998579 0 298.04417467455334645
28 0 306.52275899237190515
28.100000000000001421 0 297.91515959814358894
28.199999999999999289 0 289.27681950832845814
28.300000000000000711 0 288.899487193090863
28.399999999999998579 0 294.21714226521243063
28.5 0 317.91305506475413267
28.600000000000001421 0 292.06950613133346906
28.699999999999999289 0 299.38317210070869123
28.800000000000000711 0 290.48394462022076823
28.899999999999998579 0 300.714144264877973
29 0 302.65275686860979931
29.100000000000001421 0 298.44961650067824621
29.199999999999999289 0 298.94138721718474017
29.300000000000000711 0 295.34417294492669726
29.399999999999998579 0 303.0573880005213141
29.5 0 289.1137627121373157
29.600000000000001421 0 288.62168888897724628
29.699999999999999289 0 300.45510581081015289
29.800000000000000711 0 305.62230219782929908
29.899999999999998579 0 295.33205039162817229
30 0 296.6938470565693251
30.100000000000001421 0 304.60115803850953853
30.199999999999999289 0 304.81864819271794431
30.300000000000000711 0 319.1779831652470989
30.399999999999998579 0 289.33012723614331208
30.5 0 301.04950426753657666
30.600000000000001421 0 306.73502081722682533
30.699999999999999289 0 308.97709559939329438
30.800000000000000711 0 305.85885709457448911
30.899999999999998579 0 292.85433606794299521
31 0 292.44283968123789919
31.100000000000001421 0 309.92677367319458881
31.199999999999999289 0 299.16819865765506847
31.300000000000000711 0 318.25957033480477776
31.399999999999998579 0 310.92233136578761332
31.5 0 302.84848207170136902
31.600000000000001421 0 294.10916799575664982
31.699999999999999289 0 303.14754748472159918
31.800000000000000711 0 322.62699286595699277
31.899999999999998579 0 307.93736869404409617
32 0 294.87916354430194588
32.100000000000001421 0 298.69224374930627164
32.200000000000002842 0 300.47863815145706212
32.299999999999997158 0 293.62466675488036572
32.399999999999998579 0 294.4163056508198224
32.5 0 308.25020622443639695
32.600000000000001421 0 304.69202370945606617
32.700000000000002842 0 304.64854112667444497
32.799999999999997158 0 304.3218260826461119
32.899999999999998579 0 293.32027352518133512
33 0 298.17506204940406178
33.100000000000001421 0 287.9571978735540938
33.200000000000002842 0 290.9550535658439685
33.299999999999997158 0 287.88867158438711158
33.399999999999998579 0 298.25447631798664361
33.5 0 301.88941455196447805
33.600000000000001421 0 309.15411157847910317
33.700000000000002842 0 285.50837745408693991
33.799999999999997158 0 290.4224974385601854
33.899999999999998579 0 297.31772472242914773
34 0 304.44509705063859428
34.100000000000001421 0 300.84721494175153111
34.200000000000002842 0 313.27461585569398039
34.299999999999997158 0 298.36727405891082299
34.399999999999998579 0 298.75404521215193654
34.5 0 302.02253451833053077
34.600000000000001421 0 308.98458519642622377
34.700000000000002842 0 293.16824287372901381
34.799999999999997158 0 292.1961724027766536
34.899999999999998579 0 287.36316625570725591
35 0 295.68736311046842502
35.100000000000001421 0 301.11694701023810694
35.200000000000002842 0 301.30064906521465673
35.299999999999997158 0 295.43219386532337012
35.399999999999998579 0 293.70927116037739779
35.5 0 296.89337215074380083
35.600000000000001421 0 303.36803235133567114
35.700000000000002842 0 302.05179026583829227
35.799999999999997158 0 304.4595307801519084
35.899999999999998579 0 298.0586884993330159
36 0 288.32142684517623366
36.100000000000001421 0 305.18922805003262511
36.200000000000002842 0 300.846311545084518
36.299999999999997158 0 296.47582041466574765
36.399999999999998579 0 295.37002903573505819
36.5 0 292.28974562548552285
36.600000000000001421 0 297.34368636547367259
36.700000000000002842 0 315.45245385677736749
36.799999999999997158 0 296.77580875130217919
36.899999999999998579 0 300.70594293079534509
37 0 296.12648027376172877
37.100000000000001421 0 295.56602439389052961
37.200000000000002842 0 294.11910118979039908
37.299999999999997158 0 292.53221537381864437
37.399999999999998579 0 300.83995809791457532
37.5 0 294.206558838842966
37.600000000000001421 0 286.21796684923117482
37.700000000000002842 0 305.83597712772041177
37.799999999999997158 0 304.72767389344551248
37.899999999999998579 0 302.04915895820511196
38 0 304.57781521074127795
38.100000000000001421 0 302.93598901757621888
38.200000000000002842 0 294.6664984187912637
38.299999999999997158 0 302.98171519859897671
38.399999999999998579 0 303.56892655262015523
38.5 0 288.38689063780788047
38.600000000000001421 0 291.97320121029525808
38.700000000000002842 0 303.56162690209731636
38.799999999999997158 0 303.50513397229451584
38.899999999999998579 0 296.00168144171146878
39 0 295.16826147004871927
39.100000000000001421 0 302.41766531123266759
39.200000000000002842 0 308.37887711787328726
39.299999999999997158 0 299.606595455188085
39.399999999999998579 0 308.12344552207196102
39.5 0 297.03390139863410013
39.600000000000001421 0 294.79467066787469776
39.700000000000002842 0 301.1239601464911857
39.799999999999997158 0 292.31690834260820111
39.899999999999998579 0 293.06078938736618511
40 0 298.64267050167495654
40.100000000000001421 0 295.5238650413217556
40.200000000000002842 0 304.42181588487233057
40.299999999999997158 0 296.58055754354495548
40.399999999999998579 0 287.82363366173836994
40.5 0 295.81055404979218793
40.600000000000001421 0 309.92744662734276062
40.700000000000002842 0 303.52691704915281434
40.799999999999997158 0 292.31072192406969634
40.899999999999998579 0 295.50614242823525046
41 0 295.88656953693970308
41.100000000000001421 0 298.22902192074803907
41.200000000000002842 0 300.47603961107216719
41.299999999999997158 0 295.29427267231932319
41.399999999999998579 0 307.74800464961623447
41.5 0 301.0292793895274599
41.600000000000001421 0 313.65566671717004965
41.700000000000002842 0 304.35293222522233236
41.799999999999997158 0 293.73495765652074851
41.899999999999998579 0 294.97224198553999486
42 0 292.74663209011271192
42.100000000000001421 0 295.36753245127204082
42.200000000000002842 0 320.04306475454421843
42.299999999999997158 0 297.49589214825181216
42.399999999999998579 0 299.26799623487761437
42.5 0 292.01242386719911792
42.600000000000001421 0 297.63863665297492389
42.700000000000002842 0 315.43220344605555283
42.799999999999997158 0 306.70428782880100016
42.899999999999998579 0 295.16711445183079832
43 0 299.87866078764392341
43.100000000000001421 0 305.64986321634739852
43.200000000000002842 0 307.92489999865301797
43.299999999999997158 0 304.2731916851618621
43.399999999999998579 0 304.18566347276026818
43.5 0 300.97134591921127367
43.600000000000001421 0 294.73573569414230633
43.700000000000002842 0 301.71316900247222748
43.799999999999997158 0 305.24344296544421695
43.899999999999998579 0 314.94681967507335685
44 0 308.3730541247254564
44.100000000000001421 0 311.86458018549632243
44.200000000000002842 0 298.1728164317717642
44.299999999999997158 0 313.07713564594769196
44.399999999999998579 0 297.41351518068461246
44.5 0 298.41921447045393734
44.600000000000001421 0 301.38267345636290884
44.700000000000002842 0 290.04741444743024203
44.799999999999997158 0 280.97865398631108746
44.899999999999998579 0 297.63910160474506483
45 0 300.50637214764338978
45.100000000000001421 0 300.76965537951292617
45.200000000000002842 0 298.72148592095555841
45.299999999999997158 0 304.62986365784200871
45.399999999999998579 0 304.69640878310798371
45.5 0 306.69850611631051152
45.600000000000001421 0 303.58429838891146346
45.700000000000002842 0 290.07702099026704445
45.799999999999997158 0 296.50801628703294455
45.899999999999998579 0 304.89099018285975262
46 0 308.5343812712673639
46.100000000000001421 0 319.3976257872586757
46.200000000000002842 0 303.59884666950341625
46.299999999999997158 0 304.33662222984980872
46.399999999999998579 0 289.04727183049601535
46.5 0 298.36823731459719511
46.600000000000001421 0 299.19241448287152707
46.700000000000002842 0 307.53042849566264749
46.799999999999997158 0 305.73910644726731789
46.899999999999998579 0 290.82353959201299176
47 0 296.68496709436197989
47.100000000000001421 0 288.88937324106768756
47.200000000000002842 0 308.51449002364694252
47.299999999999997158 0 307.31462789240953271
47.399999999999998579 0 300.26976724496779525
47.5 0 297.89628544909032826
47.600000000000001421 0 297.51456318109552512
47.700000000000002842 0 298.5494108546587313
47.799999999999997158 0 304.13768248452527132
47.899999999999998579 0 311.42657119205131266
48 0 302.79448990838801592
48.100000000000001421 0 299.16695523355321029
48.200000000000002842 0 291.5770465784809744
48.299999999999997158 0 297.97055792145425812
48.399999999999998579 0 309.29780449405609488
48.5 0 309.30600239387484862
48.600000000000001421 0 307.26569611486718259
48.700000000000002842 0 310.13317311799869458
48.799999999999997158 0 313.66353497250139526
48.899999999999998579 0 298.56477893334624696
49 0 301.96365780329620065
49.100000000000001421 0 281.10952389097332116
49.200000000000002842 0 291.58048593672418747
49.299999999999997158 0 300.71177476577594234
49.399999999999998579 0 292.56968241782408313
49.5 0 314.51775001533587783
49.600000000000001421 0 292.29333334856318061
49.700000000000002842 0 309.35589012087746141
49.799999999999997158 0 312.50090733708549351
49.899999999999998579 0 297.38192306455567859
50 0 292.0370616811459854
50.100000000000001421 0 290.47676881250544056
50.200000000000002842 0 289.57103236072009622
50.299999999999997158 0 316.16478571401290765
50.399999999999998579 0 291.06227503920700883
50.5 0 300.94601186317055408
50.600000000000001421 0 300.84445594953365344
50.700000000000002842 0 310.29826433232460658
50.799999999999997158 0 327.61549271164358288
50.899999999999998579 0 307.03014615013029243
51 0 304.43115888700293681
51.100000000000001421 0 292.14209195498301597
51.200000000000002842 0 304.93210138820512611
51.299999999999997158 0 307.10358757483453473
51.399999999999998579 0 306.89897303322447897
51.5 0 300.54126925713495666
51.600000000000001421 0 280.08681157691552244
51.700000000000002842 0 299.59004771822998237
51.799999999999997158 0 294.49514168890789279
51.899999999999998579 0 303.78405137980053041
52 0 311.16574709539059995
52.100000000000001421 0 310.15943458767736729
52.200000000000002842 0 295.1255005715452171
52.299999999999997158 0 303.71557370946720766
52.399999999999998579 0 296.73360992754459176
52.5 0 290.91704669024164787
52.600000000000001421 0 289.27000819851610913
52.700000000000002842 0 294.63007029791663172
52.799999999999997158 0 306.34543950379281796
52.899999999999998579 0 302.64542182755337763
53 0 295.36750995151669485
53.100000000000001421 0 291.91289693753043366
53.200000000000002842 0 301.84854585188878673
53.299999999999997158 0 299.77493405185003894
53.399999999999998579 0 307.39476098303481422
53.5 0 292.42148430827489847
53.600000000000001421 0 298.40879448179384781
53.700000000000002842 0 298.21617553512135146
53.799999999999997158 0 301.10802605181015679
53.899999999999998579 0 298.62453002624391729
54 0 303.20729701980138771
54.100000000000001421 0 300.21811003680585372
54.200000000000002842 0 300.76805320430514712
54.299999999999997158 0 308.16577836053374995
54.399999999999998579 0 285.65484394218464104
54.5 0 288.33943926613608255
54.600000000000001421 0 297.26961718289305736
54.700000000000002842 0 310.08607851300286029
54.799999999999997158 0 300.78593669347583273
54.899999999999998579 0 301.68146414661953258
55 0 290.05396062962103088
55.100000000000001421 0 293.71646414777495693
55.200000000000002842 0 300.62304610251857184
55.299999999999997158 0 308.43421512459394762
55.399999999999998579 0 301.40288304307949829
55.5 0 301.94506240789530693
55.600000000000001421 0 300.17997336116854967
55.700000000000002842 0 287.92437107904430604
55.799999999999997158 0 308.98535209126276868
55.899999999999998579 0 300.51653366622770136
56 0 304.2847467341915717
56.100000000000001421 0 315.15725773221032568
56.200000000000002842 0 316.99416951154654498
56.299999999999997158 0 320.18486070643740504
56.399999999999998579 0 298.12756234009373202
56.5 0 300.2097574834276088
56.600000000000001421 0 298.98405720240725714
56.700000000000002842 0 295.94855931960364614
56.799999999999997158 0 290.72501273581957548
56.899999999999998579 0 292.97516725710022456
57 0 306.20245864490414078
57.100000000000001421 0 300.26412329908885113
57.200000000000002842 0 295.26350338174910348
57.299999999999997158 0 290.78277212355777692
57.399999999999998579 0 292.51580940847446755
57.5 0 296.65723428171042997
57.600000000000001421 0 291.84745400277387262
57.700000000000002842 0 297.437641628433596
57.799999999999997158 0 307.10398926418292831
57.899999999999998579 0 314.93286941926618283
58 0 298.33410711137537419
58.100000000000001421 0 296.45706243312059769
58.200000000000002842 0 297.32059517084434219
58.299999999999997158 0 305.88385061166042078
58.399999999999998579 0 291.94883295288599356
58.5 0 310.06439814051867643
58.600000000000001421 0 317.3107734749378892
58.700000000000002842 0 307.49535472294058991
58.799999999999997158 0 296.07167466863029404
58.899999999999998579 0 294.82719618388171057
59 0 302.80766193218710214
59.100000000000001421 0 306.64724257342493274
59.200000000000002842 0 300.24522878646541812
59.299999999999997158 0 297.18039297373013596
59.399999999999998579 0 294.6241098519074626
59.5 0 307.70256540282116475
59.600000000000001421 0 309.50926117983135555
59.700000000000002842 0 311.22653395394837617
59.799999999999997158 0 306.19605793337382238
59.899999999999998579 0 292.77649437949133926
60 0 290.85438639590182675
60.100000000000001421 0 312.53537316678273328
60.200000000000002842 0 288.78299483553604432
60.299999999999997158 0 304.07131316021752809
60.399999999999998579 0 291.84004019927374429
60.5 0 303.1655390686884175
60.600000000000001421 0 307.61923328704415326
60.700000000000002842 0 300.91382456440561555
60.799999999999997158 0 305.38892161115830959
60.899999999999998579 0 307.02413424291324873
61 0 290.20347648510119143
61.100000000000001421 0 292.72627936302359331
61.200000000000002842 0 299.63560990080020474
61.299999999999997158 0 312.36263256330948934
61.399999999999998579 0 297.8466668320700137
61.5 0 298.55578616282230087
61.600000000000001421 0 291.5190400305226035
61.700000000000002842 0 298.29523316059447779
61.799999999999997158 0 295.74803673932098036
61.899999999999998579 0 297.7977121537281846
62 0 303.34404514419935595
62.100000000000001421 0 298.56859312403247486
62.200000000000002842 0 314.78886437400393561
62.299999999999997158 0 299.75884193482193041
62.399999999999998579 0 299.23837497998545132
62.5 0 303.53324155010966479
62.600000000000001421 0 308.67063015356404776
62.700000000000002842 0 298.19413972022243797
62.799999999999997158 0 296.7684043663225566
62.899999999999998579 0 299.98855239444969811
63 0 309.21854035939907135
63.100000000000001421 0 300.04390636170040807
63.200000000000002842 0 287.62238124648405346
63.299999999999997158 0 298.10490758875977235
63.399999999999998579 0 307.42691736245598122
63.5 0 302.68483159777724723
63.600000000000001421 0 303.19406591895261727
63.700000000000002842 0 310.10494240608909422
63.799999999999997158 0 300.69803680583072492
63.899999999999998579 0 305.17949608515112914
64 0 306.40823941595874658
64.099999999999994316 0 304.44176657985076417
64.200000000000002842 0 296.8330186351397515
64.299999999999997158 0 299.8860368578908151
64.400000000000005684 0 302.22802912846640311
64.5 0 297.3069705960440956
64.599999999999994316 0 303.51082768905342846
64.700000000000002842 0 320.08179686413757281
64.799999999999997158 0 297.59700357762267231
64.900000000000005684 0 297.31637218228001984
65 0 306.41496493762838327
65.099999999999994316 0 308.47393736193316727
65.200000000000002842 0 301.18218296918075794
65.299999999999997158 0 300.33912764606213841
65.400000000000005684 0 291.97640889787021479
65.5 0 289.71417680399520123
65.599999999999994316 0 299.78774653695836605
65.700000000000002842 0 302.56999603939459575
65.799999999999997158 0 305.47336599411812585
65.900000000000005684 0 299.95581251478409968
66 0 300.19198354816666097
66.099999999999994316 0 298.17914944521447751
66.200000000000002842 0 296.14183991572599552
66.299999999999997158 0 314.61039972410054588
66.400000000000005684 0 310.87402499396097255
66.5 0 298.11879816236643137
66.599999999999994316 0 301.32289066625770602
66.700000000000002842 0 300.32099092252593664
66.799999999999997158 0 296.15884107628278343
66.900000000000005684 0 283.59132915118902929
67 0 297.0303531685199232
67.099999999999994316 0 304.22577643183245755
67.200000000000002842 0 294.58852133126856643
67.299999999999997158 0 302.3849061320833016
67.400000000000005684 0 305.28052683140458612
67.5 0 298.74048089144412188
67.599999999999994316 0 312.98307539136482092
67.700000000000002842 0 298.39484858747294993
67.799999999999997158 0 294.43071964459772971
67.900000000000005684 0 295.48783824087399807
68 0 296.24958303910744917
68.099999999999994316 0 309.17700545251642552
68.200000000000002842 0 295.73134276650023367
68.299999999999997158 0 291.47778870436178522
68.400000000000005684 0 293.47307305119613829
68.5 0 295.95509803334920207
68.599999999999994316 0 285.20298272760811642
68.700000000000002842 0 297.20179985744084661
68.799999999999997158 0 301.65450277406381474
68.900000000000005684 0 295.3029133136129758
69 0 308.05111530205522286
69.099999999999994316 0 297.98869198575124528
69.200000000000002842 0 295.5992931243480939
69.299999999999997158 0 302.25909982632322226
69.400000000000005684 0 300.38396327242264761
69.5 0 291.65220981503159692
69.599999999999994316 0 290.31018785605692756
69.700000000000002842 0 293.00316135580999344
69.799999999999997158 0 292.23533320940128988
69.900000000000005684 0 310.44774087526371886
70 0 308.49973786493836769
70.099999999999994316 0 291.73261753800812812
70.200000000000002842 0 284.82127865790198484
70.299999999999997158 0 296.23628531726586743
70.400000000000005684 0 298.51662996952381945
70.5 0 300.46503817789994173
70.599999999999994316 0 311.22339947240811853
70.700000000000002842 0 314.4323267659344765
70.799999999999997158 0 294.65258747768308467
70.900000000000005684 0 293.39377392689306134
71 0 293.62019613478207702
71.099999999999994316 0 290.65726294913764605
71.200000000000002842 0 284.63279521915956138
71.299999999999997158 0 296.16483672803343552
71.400000000000005684 0 299.92463805727771842
71.5 0 304.72152707124990911
71.599999999999994316 0 297.66160095149643894
71.700000000000002842 0 291.76164208389985788
71.799999999999997158 0 302.79495053126777293
71.900000000000005684 0 308.85487606987976505
72 0 300.52859700157387124
72.099999999999994316 0 293.9457760636910848
72.200000000000002842 0 305.10845402821854577
72.299999999999997158 0 307.38356685539804403
72.400000000000005684 0 298.97936856467066491
72.5 0 297.02619522830502774
72.599999999999994316 0 288.70280594808116348
72.700000000000002842 0 302.69121582391949232
72.799999999999997158 0 304.75097501000823286
72.900000000000005684 0 303.00020244355641807
73 0 304.77789389508961904
73.099999999999994316 0 290.50519845413612074
73.200000000000002842 0 299.47523679513335537
73.299999999999997158 0 301.43427057088160836
73.400000000000005684 0 290.36547986377956931
73.5 0 311.467026733244154
73.599999999999994316 0 315.55113386034349787
73.700000000000002842 0 297.64005078295531348
73.799999999999997158 0 304.38729240565379541
73.900000000000005684 0 299.46561491627443274
74 0 309.49242558736830233
74.099999999999994316 0 289.16849389653924618
74.200000000000002842 0 292.72889491729779365
74.299999999999997158 0 307.53308485913521508
74.400000000000005684 0 299.89596818570743153
74.5 0 303.69373408736868214
74.599999999999994316 0 297.90724071113214677
74.700000000000002842 0 300.12715566994114624
74.799999999999997158 0 286.58956820338619309
74.900000000000005684 0 294.66213137327804361
75 0 296.33060602917663573
75.099999999999994316 0 296.20203479131600943
75.200000000000002842 0 304.79862949537596251
75.299999999999997158 0 303.57586979503417979
75.400000000000005684 0 286.06055387678054558
75.5 0 286.17641625737712729
75.599999999999994316 0 297.77130589069588495
75.700000000000002842 0 289.85560333771644537
75.799999999999997158 0 309.02609470450704521
75.900000000000005684 0 306.68918043379170513
76 0 293.48519002588972171
76.099999999999994316 0 295.28568188204963008
76.200000000000002842 0 287.60229866402079324
76.299999999999997158 0 286.39618578428377305
76.400000000000005684 0 302.59158222202262323
76.5 0 288.06069835871085161
76.599999999999994316 0 300.09318556413029455
76.700000000000002842 0 295.94974798477937838
76.799999999999997158 0 302.96862453694876649
76.900000000000005684 0 292.74467092895213227
77 0 298.83617913034692037
77.099999999999994316 0 299.06116246902581679
77.200000000000002842 0 302.99567007879238645
77.299999999999997158 0 311.64395252577611473
77.400000000000005684 0 307.88000803485755341
77.5 0 305.82508393939241387
77.599999999999994316 0 291.74886730726461792
77.700000000000002842 0 302.82640705270068793
77.799999999999997158 0 308.79759042562926652
77.900000000000005684 0 306.80710628038082177
78 0 300.41077433535934915
78.099999999999994316 0 288.05305688854059554
78.200000000000002842 0 300.1748257108343978
78.299999999999997158 0 307.55749780346877742
78.400000000000005684 0 298.99104846746507747
78.5 0 296.92947709148990043
78.599999999999994316 0 287.76705588795061885
78.700000000000002842 0 272.22849015587246413
78.799999999999997158 0 295.49111924665976403
78.900000000000005684 0 298.69484421637019977
79 0 292.51888042659214761
79.099999999999994316 0 308.75419251305328316
79.200000000000002842 0 303.19816380594141947
79.299999999999997158 0 292.99301466675086658
79.400000000000005684 0 296.90819110631122157
79.5 0 302.00400753507437912
79.599999999999994316 0 308.90544265300576399
79.700000000000002842 0 297.10322060202247485
79.799999999999997158 0 289.51012948156670745
79.900000000000005684 0 300.6316071042049316
80 0 301.89440433385732376
80.099999999999994316 0 311.77160368747797747
80.200000000000002842 0 299.96253583954251098
80.299999999999997158 0 306.31540245104588394
80.400000000000005684 0 300.43498630781914471
80.5 0 298.74425437442022258
80.599999999999994316 0 300.31405981614290113
80.700000000000002842 0 303.18567651058043566
80.799999999999997158 0 315.06233123618488889
80.900000000000005684 0 304.33479052217779781
81 0 301.81071316336857535
81.099999999999994316 0 293.3845160791215676
81.200000000000002842 0 292.25486699790172906
81.299999999999997158 0 301.95926474486094548
81.400000000000005684 0 312.80489063671029726
81.5 0 306.9159472810609941
81.599999999999994316 0 296.29556332590988177
81.700000000000002842 0 301.74975922312916055
81.799999999999997158 0 301.34558743553265003
81.900000000000005684 0 300.77956341157124598
82 0 307.66347348205283652
82.099999999999994316 0 301.79200589354701378
82.200000000000002842 0 319.19243810646941029
82.299999999999997158 0 299.74149502603324891
82.400000000000005684 0 298.47971109371644616
82.5 0 299.15663318433740869
82.599999999999994316 0 308.5004735415903383
82.700000000000002842 0 290.24258537432189087
82.799999999999997158 0 290.18377429962276892
82.900000000000005684 0 299.03910175491517975
83 0 304.31185322923056447
83.099999999999994316 0 304.08011654635134846
83.200000000000002842 0 305.06128444373598541
83.299999999999997158 0 307.53272046545026797
83.400000000000005684 0 300.57132575704548572
83.5 0 304.33152778582461906
83.599999999999994316 0 292.03514452182207606
83.700000000000002842 0 293.58618632226676937
83.799999999999997158 0 303.64922360604009555
83.900000000000005684 0 309.24202833586264205
84 0 297.05793181809468706
84.099999999999994316 0 294.91153986146701982
84.200000000000002842 0 288.0149126655592795
84.299999999999997158 0 303.10529950443941516
84.400000000000005684 0 300.75030679882092954
84.5 0 305.3863071177565871
84.599999999999994316 0 302.68385990956005571
84.700000000000002842 0 304.67699165226775904
84.799999999999997158 0 296.56223831202129304
84.900000000000005684 0 297.66743963995929789
85 0 294.17575006577033037
85.099999999999994316 0 301.71847300168928996
85.200000000000002842 0 303.0995113560855998
85.299999999999997158 0 301.66598761243648141
85.400000000000005684 0 284.53126451578674505
85.5 0 291.70997569620237755
85.599999999999994316 0 308.11090921788894548
85.700000000000002842 0 291.76958306422989153
85.799999999999997158 0 297.01678134218064997
85.900000000000005684 0 292.18996366606779702
86 0 291.50280401844702283
86.099999999999994316 0 294.45605172654671833
86.200000000000002842 0 314.46365386277318521
86.299999999999997158 0 300.6549508362587062
86.400000000000005684 0 298.64535948124694187
86.5 0 290.50089664558066715
86.599999999999994316 0 294.67207644166751379
86.700000000000002842 0 299.04621128614905956
86.799999999999997158 0 304.63314733171250737
86.900000000000005684 0 302.11618403959158741
87 0 287.41811667528082808
87.099999999999994316 0 302.42144162653369222
87.200000000000002842 0 294.7479490387787564
87.299999999999997158 0 307.90359456590778109
87.400000000000005684 0 293.59591065601097171
87.5 0 309.54659458529346239
87.599999999999994316 0 315.54572714942690936
87.700000000000002842 0 317.39587907993268345
87.799999999999997158 0 303.78285304618810869
87.900000000000005684 0 293.90270699178506675
88 0 290.11897910759239494
88.099999999999994316 0 310.21664778069384738
88.200000000000002842 0 308.11343664574138757
88.299999999999997158 0 299.87198730262252866
88.400000000000005684 0 297.50169848938969608
88.5 0 314.71502811323284732
88.599999999999994316 0 299.8847344561526711
88.700000000000002842 0 288.63293368857722498
88.799999999999997158 0 310.77083393807060929
88.900000000000005684 0 294.29428147916922853
89 0 289.30625108296385406
89.099999999999994316 0 299.52363526851996767
89.200000000000002842 0 301.06644817944220449
89.299999999999997158 0 296.20780635760564792
89.400000000000005684 0 312.82413772471227276
89.5 0 307.61617566160424531
89.599999999999994316 0 300.59026491626093502
89.700000000000002842 0 301.04427048105259246
89.799999999999997158 0 299.74027084619331163
89.900000000000005684 0 302.30763308995415173
90 0 291.05178542151406873
90.099999999999994316 0 304.84484042792104219
90.200000000000002842 0 304.11946689140637545
90.299999999999997158 0 297.80370348824982329
90.400000000000005684 0 289.95174323028277286
90.5 0 296.14426989938760926
90.599999999999994316 0 306.22831511967763163
90.700000000000002842 0 300.69212984762606311
90.799999999999997158 0 306.51708269624020886
90.900000000000005684 0 293.71876054761725072
91 0 308.69740355866423442
91.099999999999994316 0 296.15189553257471289
91.200000000000002842 0 292.7411764150815543
91.299999999999997158 0 300.5795970989398711
91.400000000000005684 0 303.80996114422595156
91.5 0 304.69446549864017015
91.599999999999994316 0 311.86750437298559291
91.700000000000002842 0 294.51868365113847403
91.799999999999997158 0 287.48784299566574418
91.900000000000005684 0 297.16440349103902463
92 0 313.26046415571482839
92.099999999999994316 0 311.61225999002454046
92.200000000000002842 0 293.16271271717459967
92.299999999999997158 0 298.46203914017434045
92.400000000000005684 0 305.88909688039802859
92.5 0 296.12820927164801788
92.599999999999994316 0 298.32399112143565389
92.700000000000002842 0 294.71193048049821073
92.799999999999997158 0 297.9884123931827844
92.900000000000005684 0 305.78023815863048185
93 0 301.60881508662595252
93.099999999999994316 0 304.27337347962139802
93.200000000000002842 0 314.646292683001775
93.299999999999997158 0 297.96889396185241594
93.400000000000005684 0 296.62489335873618757
93.5 0 291.79159360346170615
93.599999999999994316 0 302.15610393852284687
93.700000000000002842 0 309.11499460043273757
93.799999999999997158 0 305.75772282355774223
93.900000000000005684 0 298.8998257178810718
94 0 295.91624541103414003
94.099999999999994316 0 290.33147399418589885
94.200000000000002842 0 300.62298047705996851
94.299999999999997158 0 309.36119201089212538
94.400000000000005684 0 292.13204467812812481
94.5 0 306.72668954474801239
94.599999999999994316 0 312.34460961254808353
94.700000000000002842 0 309.57020745183132249
94.799999999999997158 0 307.45209809838280535
94.900000000000005684 0 305.93117431377174853
95 0 295.45764272602076517
95.099999999999994316 0 295.66357810781329363
95.200000000000002842 0 300.98232541669159446
95.299999999999997158 0 308.71098666019992152
95.400000000000005684 0 297.67846217504927608
95.5 0 295.38158552347772456
95.599999999999994316 0 301.47029148159168699
95.700000000000002842 0 275.94492365053008598
95.799999999999997158 0 295.70257118670781438
95.900000000000005684 0 294.85022492115427895
96 0 307.3292531150197533
96.099999999999994316 0 299.96002827293608561
96.200000000000002842 0 303.88609951018008815
96.299999999999997158 0 294.85808995335378313
96.400000000000005684 0 303.30824007975473933
96.5 0 296.08822228232895668
96.599999999999994316 0 296.48859426567281616
96.700000000000002842 0 309.03027828262520416
96.799999999999997158 0 301.80628437223106175
96.900000000000005684 0 311.37001121461167941
97 0 305.82538887889865009
97.099999999999994316 0 299.63761089116155745
97.200000000000002842 0 302.84501772660803454
97.299999999999997158 0 291.63124420365710421
97.400000000000005684 0 300.72753652391827472
97.5 0 287.13596262757977229
97.599999999999994316 0 303.21633580692844134
97.700000000000002842 0 310.21189893763170176
97.799999999999997158 0 309.22588464931601493
97.900000000000005684 0 295.42783596730316731
98 0 293.24341241492817289
98.099999999999994316 0 308.8390180476882847
98.200000000000002842 0 298.89991784056940105
98.299999999999997158 0 305.19586512314384663
98.400000000000005684 0 311.86094297532429209
98.5 0 293.53941370035283853
98.599999999999994316 0 290.32774166466805355
98.700000000000002842 0 301.20326010117281612
98.799999999999997158 0 298.67937824670866576
98.900000000000005684 0 302.53538548101664674
99 0 308.70593297643699771
99.099999999999994316 0 301.8605497772673516
99.200000000000002842 0 297.06469882242862468
99.299999999999997158 0 303.05447377284201593
99.400000000000005684 0 283.88559316630960438
99.5 0 298.60662714999511991
99.599999999999994316 0 297.50594322994749064
99.700000000000002842 0 292.27507253660741071
99.799999999999997158 0 302.04968727710001986
99.900000000000005684 0 298.88609852549285506
100 0 310.36825597251089448
100.09999999999999432 0 303.94265248661241685
100.20000000000000284 0 292.92282513329922722
100.29999999999999716 0 300.36957894327235863
100.40000000000000568 0 297.80584237021719218
100.5 0 299.28825723295864236
